0 Brick  1 x  2 with Studs on 1 Side
0 Name: 11211.dat
0 Author: heddy-lego project (simplified geometry, real element dimensions)
0 !LICENSE Licensed under CC BY 4.0 : see CAreadme.txt
0 BFC CERTIFY CCW

4 16 -20.000 0.000 -10.000 20.000 0.000 -10.000 20.000 0.000 10.000 -20.000 0.000 10.000
4 16 -20.000 24.000 10.000 20.000 24.000 10.000 20.000 24.000 -10.000 -20.000 24.000 -10.000
4 16 -20.000 0.000 -10.000 -20.000 24.000 -10.000 20.000 24.000 -10.000 20.000 0.000 -10.000
4 16 20.000 0.000 10.000 20.000 24.000 10.000 -20.000 24.000 10.000 -20.000 0.000 10.000
4 16 -20.000 0.000 10.000 -20.000 24.000 10.000 -20.000 24.000 -10.000 -20.000 0.000 -10.000
4 16 20.000 0.000 -10.000 20.000 24.000 -10.000 20.000 24.000 10.000 20.000 0.000 10.000
1 16 -10 0 0 1 0 0 0 1 0 0 0 1 p/stud.dat
1 16 10 0 0 1 0 0 0 1 0 0 0 1 p/stud.dat
1 16 -10 10 -10 1 0 0 0 0 1 0 -1 0 p/stud.dat
1 16 10 10 -10 1 0 0 0 0 1 0 -1 0 p/stud.dat
