0 Slope Curved  2 x  1
0 Name: 11477.dat
0 Author: heddy-lego project (simplified geometry, real element dimensions)
0 !LICENSE Licensed under CC BY 4.0 : see CAreadme.txt
0 BFC CERTIFY CCW

4 16 -10.000 13.000 -20.000 -10.000 10.882 -16.667 10.000 10.882 -16.667 10.000 13.000 -20.000
4 16 -10.000 16.000 -20.000 -10.000 16.000 -16.667 -10.000 10.882 -16.667 -10.000 13.000 -20.000
4 16 10.000 13.000 -20.000 10.000 10.882 -16.667 10.000 16.000 -16.667 10.000 16.000 -20.000
4 16 -10.000 10.882 -16.667 -10.000 8.821 -13.333 10.000 8.821 -13.333 10.000 10.882 -16.667
4 16 -10.000 16.000 -16.667 -10.000 16.000 -13.333 -10.000 8.821 -13.333 -10.000 10.882 -16.667
4 16 10.000 10.882 -16.667 10.000 8.821 -13.333 10.000 16.000 -13.333 10.000 16.000 -16.667
4 16 -10.000 8.821 -13.333 -10.000 6.872 -10.000 10.000 6.872 -10.000 10.000 8.821 -13.333
4 16 -10.000 16.000 -13.333 -10.000 16.000 -10.000 -10.000 6.872 -10.000 -10.000 8.821 -13.333
4 16 10.000 8.821 -13.333 10.000 6.872 -10.000 10.000 16.000 -10.000 10.000 16.000 -13.333
4 16 -10.000 6.872 -10.000 -10.000 5.086 -6.667 10.000 5.086 -6.667 10.000 6.872 -10.000
4 16 -10.000 16.000 -10.000 -10.000 16.000 -6.667 -10.000 5.086 -6.667 -10.000 6.872 -10.000
4 16 10.000 6.872 -10.000 10.000 5.086 -6.667 10.000 16.000 -6.667 10.000 16.000 -10.000
4 16 -10.000 5.086 -6.667 -10.000 3.512 -3.333 10.000 3.512 -3.333 10.000 5.086 -6.667
4 16 -10.000 16.000 -6.667 -10.000 16.000 -3.333 -10.000 3.512 -3.333 -10.000 5.086 -6.667
4 16 10.000 5.086 -6.667 10.000 3.512 -3.333 10.000 16.000 -3.333 10.000 16.000 -6.667
4 16 -10.000 3.512 -3.333 -10.000 2.191 0.000 10.000 2.191 0.000 10.000 3.512 -3.333
4 16 -10.000 16.000 -3.333 -10.000 16.000 0.000 -10.000 2.191 0.000 -10.000 3.512 -3.333
4 16 10.000 3.512 -3.333 10.000 2.191 0.000 10.000 16.000 0.000 10.000 16.000 -3.333
4 16 -10.000 2.191 0.000 -10.000 1.159 3.333 10.000 1.159 3.333 10.000 2.191 0.000
4 16 -10.000 16.000 0.000 -10.000 16.000 3.333 -10.000 1.159 3.333 -10.000 2.191 0.000
4 16 10.000 2.191 0.000 10.000 1.159 3.333 10.000 16.000 3.333 10.000 16.000 0.000
4 16 -10.000 1.159 3.333 -10.000 0.443 6.667 10.000 0.443 6.667 10.000 1.159 3.333
4 16 -10.000 16.000 3.333 -10.000 16.000 6.667 -10.000 0.443 6.667 -10.000 1.159 3.333
4 16 10.000 1.159 3.333 10.000 0.443 6.667 10.000 16.000 6.667 10.000 16.000 3.333
4 16 -10.000 0.443 6.667 -10.000 0.063 10.000 10.000 0.063 10.000 10.000 0.443 6.667
4 16 -10.000 16.000 6.667 -10.000 16.000 10.000 -10.000 0.063 10.000 -10.000 0.443 6.667
4 16 10.000 0.443 6.667 10.000 0.063 10.000 10.000 16.000 10.000 10.000 16.000 6.667
4 16 -10.000 0.063 10.000 -10.000 0.000 13.333 10.000 0.000 13.333 10.000 0.063 10.000
4 16 -10.000 16.000 10.000 -10.000 16.000 13.333 -10.000 0.000 13.333 -10.000 0.063 10.000
4 16 10.000 0.063 10.000 10.000 0.000 13.333 10.000 16.000 13.333 10.000 16.000 10.000
4 16 -10.000 0.000 13.333 -10.000 0.000 16.667 10.000 0.000 16.667 10.000 0.000 13.333
4 16 -10.000 16.000 13.333 -10.000 16.000 16.667 -10.000 0.000 16.667 -10.000 0.000 13.333
4 16 10.000 0.000 13.333 10.000 0.000 16.667 10.000 16.000 16.667 10.000 16.000 13.333
4 16 -10.000 0.000 16.667 -10.000 0.000 20.000 10.000 0.000 20.000 10.000 0.000 16.667
4 16 -10.000 16.000 16.667 -10.000 16.000 20.000 -10.000 0.000 20.000 -10.000 0.000 16.667
4 16 10.000 0.000 16.667 10.000 0.000 20.000 10.000 16.000 20.000 10.000 16.000 16.667
4 16 -10.000 16.000 -20.000 10.000 16.000 -20.000 10.000 16.000 20.000 -10.000 16.000 20.000
4 16 -10.000 13.000 -20.000 10.000 13.000 -20.000 10.000 16.000 -20.000 -10.000 16.000 -20.000
4 16 -10.000 16.000 20.000 10.000 16.000 20.000 10.000 0.000 20.000 -10.000 0.000 20.000
