0 Tile  1 x  1 Round Quarter
0 Name: 25269.dat
0 Author: heddy-lego project (simplified geometry, real element dimensions)
0 !LICENSE Licensed under CC BY 4.0 : see CAreadme.txt
0 BFC CERTIFY CCW

3 16 1.864 0.000 1.864 10.000 0.000 -10.000 -10.000 0.000 -10.000
3 16 1.864 8.000 1.864 -10.000 8.000 -10.000 10.000 8.000 -10.000
4 16 -10.000 0.000 -10.000 10.000 0.000 -10.000 10.000 8.000 -10.000 -10.000 8.000 -10.000
3 16 1.864 0.000 1.864 9.904 0.000 -8.040 10.000 0.000 -10.000
3 16 1.864 8.000 1.864 10.000 8.000 -10.000 9.904 8.000 -8.040
4 16 10.000 0.000 -10.000 9.904 0.000 -8.040 9.904 8.000 -8.040 10.000 8.000 -10.000
3 16 1.864 0.000 1.864 9.616 0.000 -6.098 9.904 0.000 -8.040
3 16 1.864 8.000 1.864 9.904 8.000 -8.040 9.616 8.000 -6.098
4 16 9.904 0.000 -8.040 9.616 0.000 -6.098 9.616 8.000 -6.098 9.904 8.000 -8.040
3 16 1.864 0.000 1.864 9.139 0.000 -4.194 9.616 0.000 -6.098
3 16 1.864 8.000 1.864 9.616 8.000 -6.098 9.139 8.000 -4.194
4 16 9.616 0.000 -6.098 9.139 0.000 -4.194 9.139 8.000 -4.194 9.616 8.000 -6.098
3 16 1.864 0.000 1.864 8.478 0.000 -2.346 9.139 0.000 -4.194
3 16 1.864 8.000 1.864 9.139 8.000 -4.194 8.478 8.000 -2.346
4 16 9.139 0.000 -4.194 8.478 0.000 -2.346 8.478 8.000 -2.346 9.139 8.000 -4.194
3 16 1.864 0.000 1.864 7.638 0.000 -0.572 8.478 0.000 -2.346
3 16 1.864 8.000 1.864 8.478 8.000 -2.346 7.638 8.000 -0.572
4 16 8.478 0.000 -2.346 7.638 0.000 -0.572 7.638 8.000 -0.572 8.478 8.000 -2.346
3 16 1.864 0.000 1.864 6.629 0.000 1.111 7.638 0.000 -0.572
3 16 1.864 8.000 1.864 7.638 8.000 -0.572 6.629 8.000 1.111
4 16 7.638 0.000 -0.572 6.629 0.000 1.111 6.629 8.000 1.111 7.638 8.000 -0.572
3 16 1.864 0.000 1.864 5.460 0.000 2.688 6.629 0.000 1.111
3 16 1.864 8.000 1.864 6.629 8.000 1.111 5.460 8.000 2.688
4 16 6.629 0.000 1.111 5.460 0.000 2.688 5.460 8.000 2.688 6.629 8.000 1.111
3 16 1.864 0.000 1.864 4.142 0.000 4.142 5.460 0.000 2.688
3 16 1.864 8.000 1.864 5.460 8.000 2.688 4.142 8.000 4.142
4 16 5.460 0.000 2.688 4.142 0.000 4.142 4.142 8.000 4.142 5.460 8.000 2.688
3 16 1.864 0.000 1.864 2.688 0.000 5.460 4.142 0.000 4.142
3 16 1.864 8.000 1.864 4.142 8.000 4.142 2.688 8.000 5.460
4 16 4.142 0.000 4.142 2.688 0.000 5.460 2.688 8.000 5.460 4.142 8.000 4.142
3 16 1.864 0.000 1.864 1.111 0.000 6.629 2.688 0.000 5.460
3 16 1.864 8.000 1.864 2.688 8.000 5.460 1.111 8.000 6.629
4 16 2.688 0.000 5.460 1.111 0.000 6.629 1.111 8.000 6.629 2.688 8.000 5.460
3 16 1.864 0.000 1.864 -0.572 0.000 7.638 1.111 0.000 6.629
3 16 1.864 8.000 1.864 1.111 8.000 6.629 -0.572 8.000 7.638
4 16 1.111 0.000 6.629 -0.572 0.000 7.638 -0.572 8.000 7.638 1.111 8.000 6.629
3 16 1.864 0.000 1.864 -2.346 0.000 8.478 -0.572 0.000 7.638
3 16 1.864 8.000 1.864 -0.572 8.000 7.638 -2.346 8.000 8.478
4 16 -0.572 0.000 7.638 -2.346 0.000 8.478 -2.346 8.000 8.478 -0.572 8.000 7.638
3 16 1.864 0.000 1.864 -4.194 0.000 9.139 -2.346 0.000 8.478
3 16 1.864 8.000 1.864 -2.346 8.000 8.478 -4.194 8.000 9.139
4 16 -2.346 0.000 8.478 -4.194 0.000 9.139 -4.194 8.000 9.139 -2.346 8.000 8.478
3 16 1.864 0.000 1.864 -6.098 0.000 9.616 -4.194 0.000 9.139
3 16 1.864 8.000 1.864 -4.194 8.000 9.139 -6.098 8.000 9.616
4 16 -4.194 0.000 9.139 -6.098 0.000 9.616 -6.098 8.000 9.616 -4.194 8.000 9.139
3 16 1.864 0.000 1.864 -8.040 0.000 9.904 -6.098 0.000 9.616
3 16 1.864 8.000 1.864 -6.098 8.000 9.616 -8.040 8.000 9.904
4 16 -6.098 0.000 9.616 -8.040 0.000 9.904 -8.040 8.000 9.904 -6.098 8.000 9.616
3 16 1.864 0.000 1.864 -10.000 0.000 10.000 -8.040 0.000 9.904
3 16 1.864 8.000 1.864 -8.040 8.000 9.904 -10.000 8.000 10.000
4 16 -8.040 0.000 9.904 -10.000 0.000 10.000 -10.000 8.000 10.000 -8.040 8.000 9.904
3 16 1.864 0.000 1.864 -10.000 0.000 -10.000 -10.000 0.000 10.000
3 16 1.864 8.000 1.864 -10.000 8.000 10.000 -10.000 8.000 -10.000
4 16 -10.000 0.000 10.000 -10.000 0.000 -10.000 -10.000 8.000 -10.000 -10.000 8.000 10.000
