0 Tile  2 x  2 Round Corner
0 Name: 27925.dat
0 Author: heddy-lego project (simplified geometry, real element dimensions)
0 !LICENSE Licensed under CC BY 4.0 : see CAreadme.txt
0 BFC CERTIFY CCW

3 16 4.267 0.000 4.267 20.000 0.000 -20.000 -20.000 0.000 -20.000
3 16 4.267 8.000 4.267 -20.000 8.000 -20.000 20.000 8.000 -20.000
4 16 -20.000 0.000 -20.000 20.000 0.000 -20.000 20.000 8.000 -20.000 -20.000 8.000 -20.000
3 16 4.267 0.000 4.267 19.914 0.000 -17.384 20.000 0.000 -20.000
3 16 4.267 8.000 4.267 20.000 8.000 -20.000 19.914 8.000 -17.384
4 16 20.000 0.000 -20.000 19.914 0.000 -17.384 19.914 8.000 -17.384 20.000 8.000 -20.000
3 16 4.267 0.000 4.267 19.658 0.000 -14.779 19.914 0.000 -17.384
3 16 4.267 8.000 4.267 19.914 8.000 -17.384 19.658 8.000 -14.779
4 16 19.914 0.000 -17.384 19.658 0.000 -14.779 19.658 8.000 -14.779 19.914 8.000 -17.384
3 16 4.267 0.000 4.267 19.231 0.000 -12.196 19.658 0.000 -14.779
3 16 4.267 8.000 4.267 19.658 8.000 -14.779 19.231 8.000 -12.196
4 16 19.658 0.000 -14.779 19.231 0.000 -12.196 19.231 8.000 -12.196 19.658 8.000 -14.779
3 16 4.267 0.000 4.267 18.637 0.000 -9.647 19.231 0.000 -12.196
3 16 4.267 8.000 4.267 19.231 8.000 -12.196 18.637 8.000 -9.647
4 16 19.231 0.000 -12.196 18.637 0.000 -9.647 18.637 8.000 -9.647 19.231 8.000 -12.196
3 16 4.267 0.000 4.267 17.877 0.000 -7.142 18.637 0.000 -9.647
3 16 4.267 8.000 4.267 18.637 8.000 -9.647 17.877 8.000 -7.142
4 16 18.637 0.000 -9.647 17.877 0.000 -7.142 17.877 8.000 -7.142 18.637 8.000 -9.647
3 16 4.267 0.000 4.267 16.955 0.000 -4.693 17.877 0.000 -7.142
3 16 4.267 8.000 4.267 17.877 8.000 -7.142 16.955 8.000 -4.693
4 16 17.877 0.000 -7.142 16.955 0.000 -4.693 16.955 8.000 -4.693 17.877 8.000 -7.142
3 16 4.267 0.000 4.267 15.875 0.000 -2.308 16.955 0.000 -4.693
3 16 4.267 8.000 4.267 16.955 8.000 -4.693 15.875 8.000 -2.308
4 16 16.955 0.000 -4.693 15.875 0.000 -2.308 15.875 8.000 -2.308 16.955 8.000 -4.693
3 16 4.267 0.000 4.267 14.641 0.000 -0.000 15.875 0.000 -2.308
3 16 4.267 8.000 4.267 15.875 8.000 -2.308 14.641 8.000 -0.000
4 16 15.875 0.000 -2.308 14.641 0.000 -0.000 14.641 8.000 -0.000 15.875 8.000 -2.308
3 16 4.267 0.000 4.267 13.259 0.000 2.223 14.641 0.000 -0.000
3 16 4.267 8.000 4.267 14.641 8.000 -0.000 13.259 8.000 2.223
4 16 14.641 0.000 -0.000 13.259 0.000 2.223 13.259 8.000 2.223 14.641 8.000 -0.000
3 16 4.267 0.000 4.267 11.734 0.000 4.350 13.259 0.000 2.223
3 16 4.267 8.000 4.267 13.259 8.000 2.223 11.734 8.000 4.350
4 16 13.259 0.000 2.223 11.734 0.000 4.350 11.734 8.000 4.350 13.259 8.000 2.223
3 16 4.267 0.000 4.267 10.074 0.000 6.374 11.734 0.000 4.350
3 16 4.267 8.000 4.267 11.734 8.000 4.350 10.074 8.000 6.374
4 16 11.734 0.000 4.350 10.074 0.000 6.374 10.074 8.000 6.374 11.734 8.000 4.350
3 16 4.267 0.000 4.267 8.284 0.000 8.284 10.074 0.000 6.374
3 16 4.267 8.000 4.267 10.074 8.000 6.374 8.284 8.000 8.284
4 16 10.074 0.000 6.374 8.284 0.000 8.284 8.284 8.000 8.284 10.074 8.000 6.374
3 16 4.267 0.000 4.267 6.374 0.000 10.074 8.284 0.000 8.284
3 16 4.267 8.000 4.267 8.284 8.000 8.284 6.374 8.000 10.074
4 16 8.284 0.000 8.284 6.374 0.000 10.074 6.374 8.000 10.074 8.284 8.000 8.284
3 16 4.267 0.000 4.267 4.350 0.000 11.734 6.374 0.000 10.074
3 16 4.267 8.000 4.267 6.374 8.000 10.074 4.350 8.000 11.734
4 16 6.374 0.000 10.074 4.350 0.000 11.734 4.350 8.000 11.734 6.374 8.000 10.074
3 16 4.267 0.000 4.267 2.223 0.000 13.259 4.350 0.000 11.734
3 16 4.267 8.000 4.267 4.350 8.000 11.734 2.223 8.000 13.259
4 16 4.350 0.000 11.734 2.223 0.000 13.259 2.223 8.000 13.259 4.350 8.000 11.734
3 16 4.267 0.000 4.267 0.000 0.000 14.641 2.223 0.000 13.259
3 16 4.267 8.000 4.267 2.223 8.000 13.259 0.000 8.000 14.641
4 16 2.223 0.000 13.259 0.000 0.000 14.641 0.000 8.000 14.641 2.223 8.000 13.259
3 16 4.267 0.000 4.267 -2.308 0.000 15.875 0.000 0.000 14.641
3 16 4.267 8.000 4.267 0.000 8.000 14.641 -2.308 8.000 15.875
4 16 0.000 0.000 14.641 -2.308 0.000 15.875 -2.308 8.000 15.875 0.000 8.000 14.641
3 16 4.267 0.000 4.267 -4.693 0.000 16.955 -2.308 0.000 15.875
3 16 4.267 8.000 4.267 -2.308 8.000 15.875 -4.693 8.000 16.955
4 16 -2.308 0.000 15.875 -4.693 0.000 16.955 -4.693 8.000 16.955 -2.308 8.000 15.875
3 16 4.267 0.000 4.267 -7.142 0.000 17.877 -4.693 0.000 16.955
3 16 4.267 8.000 4.267 -4.693 8.000 16.955 -7.142 8.000 17.877
4 16 -4.693 0.000 16.955 -7.142 0.000 17.877 -7.142 8.000 17.877 -4.693 8.000 16.955
3 16 4.267 0.000 4.267 -9.647 0.000 18.637 -7.142 0.000 17.877
3 16 4.267 8.000 4.267 -7.142 8.000 17.877 -9.647 8.000 18.637
4 16 -7.142 0.000 17.877 -9.647 0.000 18.637 -9.647 8.000 18.637 -7.142 8.000 17.877
3 16 4.267 0.000 4.267 -12.196 0.000 19.231 -9.647 0.000 18.637
3 16 4.267 8.000 4.267 -9.647 8.000 18.637 -12.196 8.000 19.231
4 16 -9.647 0.000 18.637 -12.196 0.000 19.231 -12.196 8.000 19.231 -9.647 8.000 18.637
3 16 4.267 0.000 4.267 -14.779 0.000 19.658 -12.196 0.000 19.231
3 16 4.267 8.000 4.267 -12.196 8.000 19.231 -14.779 8.000 19.658
4 16 -12.196 0.000 19.231 -14.779 0.000 19.658 -14.779 8.000 19.658 -12.196 8.000 19.231
3 16 4.267 0.000 4.267 -17.384 0.000 19.914 -14.779 0.000 19.658
3 16 4.267 8.000 4.267 -14.779 8.000 19.658 -17.384 8.000 19.914
4 16 -14.779 0.000 19.658 -17.384 0.000 19.914 -17.384 8.000 19.914 -14.779 8.000 19.658
3 16 4.267 0.000 4.267 -20.000 0.000 20.000 -17.384 0.000 19.914
3 16 4.267 8.000 4.267 -17.384 8.000 19.914 -20.000 8.000 20.000
4 16 -17.384 0.000 19.914 -20.000 0.000 20.000 -20.000 8.000 20.000 -17.384 8.000 19.914
3 16 4.267 0.000 4.267 -20.000 0.000 -20.000 -20.000 0.000 20.000
3 16 4.267 8.000 4.267 -20.000 8.000 20.000 -20.000 8.000 -20.000
4 16 -20.000 0.000 20.000 -20.000 0.000 -20.000 -20.000 8.000 -20.000 -20.000 8.000 20.000
