0 Turntable  4 x  4 Square Base Complete
0 Name: 3403c01.dat
0 Author: heddy-lego project (simplified geometry, real element dimensions)
0 !LICENSE Licensed under CC BY 4.0 : see CAreadme.txt
0 BFC CERTIFY CCW

4 16 -40.000 16.000 -40.000 40.000 16.000 -40.000 40.000 16.000 40.000 -40.000 16.000 40.000
4 16 -40.000 24.000 40.000 40.000 24.000 40.000 40.000 24.000 -40.000 -40.000 24.000 -40.000
4 16 -40.000 16.000 -40.000 -40.000 24.000 -40.000 40.000 24.000 -40.000 40.000 16.000 -40.000
4 16 40.000 16.000 40.000 40.000 24.000 40.000 -40.000 24.000 40.000 -40.000 16.000 40.000
4 16 -40.000 16.000 40.000 -40.000 24.000 40.000 -40.000 24.000 -40.000 -40.000 16.000 -40.000
4 16 40.000 16.000 -40.000 40.000 24.000 -40.000 40.000 24.000 40.000 40.000 16.000 40.000
3 16 -0.000 8.000 -0.000 33.709 8.000 4.438 34.000 8.000 0.000
3 16 -0.000 16.000 -0.000 34.000 16.000 0.000 33.709 16.000 4.438
4 16 34.000 8.000 0.000 33.709 8.000 4.438 33.709 16.000 4.438 34.000 16.000 0.000
3 16 -0.000 8.000 -0.000 32.841 8.000 8.800 33.709 8.000 4.438
3 16 -0.000 16.000 -0.000 33.709 16.000 4.438 32.841 16.000 8.800
4 16 33.709 8.000 4.438 32.841 8.000 8.800 32.841 16.000 8.800 33.709 16.000 4.438
3 16 -0.000 8.000 -0.000 31.412 8.000 13.011 32.841 8.000 8.800
3 16 -0.000 16.000 -0.000 32.841 16.000 8.800 31.412 16.000 13.011
4 16 32.841 8.000 8.800 31.412 8.000 13.011 31.412 16.000 13.011 32.841 16.000 8.800
3 16 -0.000 8.000 -0.000 29.445 8.000 17.000 31.412 8.000 13.011
3 16 -0.000 16.000 -0.000 31.412 16.000 13.011 29.445 16.000 17.000
4 16 31.412 8.000 13.011 29.445 8.000 17.000 29.445 16.000 17.000 31.412 16.000 13.011
3 16 -0.000 8.000 -0.000 26.974 8.000 20.698 29.445 8.000 17.000
3 16 -0.000 16.000 -0.000 29.445 16.000 17.000 26.974 16.000 20.698
4 16 29.445 8.000 17.000 26.974 8.000 20.698 26.974 16.000 20.698 29.445 16.000 17.000
3 16 -0.000 8.000 -0.000 24.042 8.000 24.042 26.974 8.000 20.698
3 16 -0.000 16.000 -0.000 26.974 16.000 20.698 24.042 16.000 24.042
4 16 26.974 8.000 20.698 24.042 8.000 24.042 24.042 16.000 24.042 26.974 16.000 20.698
3 16 -0.000 8.000 -0.000 20.698 8.000 26.974 24.042 8.000 24.042
3 16 -0.000 16.000 -0.000 24.042 16.000 24.042 20.698 16.000 26.974
4 16 24.042 8.000 24.042 20.698 8.000 26.974 20.698 16.000 26.974 24.042 16.000 24.042
3 16 -0.000 8.000 -0.000 17.000 8.000 29.445 20.698 8.000 26.974
3 16 -0.000 16.000 -0.000 20.698 16.000 26.974 17.000 16.000 29.445
4 16 20.698 8.000 26.974 17.000 8.000 29.445 17.000 16.000 29.445 20.698 16.000 26.974
3 16 -0.000 8.000 -0.000 13.011 8.000 31.412 17.000 8.000 29.445
3 16 -0.000 16.000 -0.000 17.000 16.000 29.445 13.011 16.000 31.412
4 16 17.000 8.000 29.445 13.011 8.000 31.412 13.011 16.000 31.412 17.000 16.000 29.445
3 16 -0.000 8.000 -0.000 8.800 8.000 32.841 13.011 8.000 31.412
3 16 -0.000 16.000 -0.000 13.011 16.000 31.412 8.800 16.000 32.841
4 16 13.011 8.000 31.412 8.800 8.000 32.841 8.800 16.000 32.841 13.011 16.000 31.412
3 16 -0.000 8.000 -0.000 4.438 8.000 33.709 8.800 8.000 32.841
3 16 -0.000 16.000 -0.000 8.800 16.000 32.841 4.438 16.000 33.709
4 16 8.800 8.000 32.841 4.438 8.000 33.709 4.438 16.000 33.709 8.800 16.000 32.841
3 16 -0.000 8.000 -0.000 0.000 8.000 34.000 4.438 8.000 33.709
3 16 -0.000 16.000 -0.000 4.438 16.000 33.709 0.000 16.000 34.000
4 16 4.438 8.000 33.709 0.000 8.000 34.000 0.000 16.000 34.000 4.438 16.000 33.709
3 16 -0.000 8.000 -0.000 -4.438 8.000 33.709 0.000 8.000 34.000
3 16 -0.000 16.000 -0.000 0.000 16.000 34.000 -4.438 16.000 33.709
4 16 0.000 8.000 34.000 -4.438 8.000 33.709 -4.438 16.000 33.709 0.000 16.000 34.000
3 16 -0.000 8.000 -0.000 -8.800 8.000 32.841 -4.438 8.000 33.709
3 16 -0.000 16.000 -0.000 -4.438 16.000 33.709 -8.800 16.000 32.841
4 16 -4.438 8.000 33.709 -8.800 8.000 32.841 -8.800 16.000 32.841 -4.438 16.000 33.709
3 16 -0.000 8.000 -0.000 -13.011 8.000 31.412 -8.800 8.000 32.841
3 16 -0.000 16.000 -0.000 -8.800 16.000 32.841 -13.011 16.000 31.412
4 16 -8.800 8.000 32.841 -13.011 8.000 31.412 -13.011 16.000 31.412 -8.800 16.000 32.841
3 16 -0.000 8.000 -0.000 -17.000 8.000 29.445 -13.011 8.000 31.412
3 16 -0.000 16.000 -0.000 -13.011 16.000 31.412 -17.000 16.000 29.445
4 16 -13.011 8.000 31.412 -17.000 8.000 29.445 -17.000 16.000 29.445 -13.011 16.000 31.412
3 16 -0.000 8.000 -0.000 -20.698 8.000 26.974 -17.000 8.000 29.445
3 16 -0.000 16.000 -0.000 -17.000 16.000 29.445 -20.698 16.000 26.974
4 16 -17.000 8.000 29.445 -20.698 8.000 26.974 -20.698 16.000 26.974 -17.000 16.000 29.445
3 16 -0.000 8.000 -0.000 -24.042 8.000 24.042 -20.698 8.000 26.974
3 16 -0.000 16.000 -0.000 -20.698 16.000 26.974 -24.042 16.000 24.042
4 16 -20.698 8.000 26.974 -24.042 8.000 24.042 -24.042 16.000 24.042 -20.698 16.000 26.974
3 16 -0.000 8.000 -0.000 -26.974 8.000 20.698 -24.042 8.000 24.042
3 16 -0.000 16.000 -0.000 -24.042 16.000 24.042 -26.974 16.000 20.698
4 16 -24.042 8.000 24.042 -26.974 8.000 20.698 -26.974 16.000 20.698 -24.042 16.000 24.042
3 16 -0.000 8.000 -0.000 -29.445 8.000 17.000 -26.974 8.000 20.698
3 16 -0.000 16.000 -0.000 -26.974 16.000 20.698 -29.445 16.000 17.000
4 16 -26.974 8.000 20.698 -29.445 8.000 17.000 -29.445 16.000 17.000 -26.974 16.000 20.698
3 16 -0.000 8.000 -0.000 -31.412 8.000 13.011 -29.445 8.000 17.000
3 16 -0.000 16.000 -0.000 -29.445 16.000 17.000 -31.412 16.000 13.011
4 16 -29.445 8.000 17.000 -31.412 8.000 13.011 -31.412 16.000 13.011 -29.445 16.000 17.000
3 16 -0.000 8.000 -0.000 -32.841 8.000 8.800 -31.412 8.000 13.011
3 16 -0.000 16.000 -0.000 -31.412 16.000 13.011 -32.841 16.000 8.800
4 16 -31.412 8.000 13.011 -32.841 8.000 8.800 -32.841 16.000 8.800 -31.412 16.000 13.011
3 16 -0.000 8.000 -0.000 -33.709 8.000 4.438 -32.841 8.000 8.800
3 16 -0.000 16.000 -0.000 -32.841 16.000 8.800 -33.709 16.000 4.438
4 16 -32.841 8.000 8.800 -33.709 8.000 4.438 -33.709 16.000 4.438 -32.841 16.000 8.800
3 16 -0.000 8.000 -0.000 -34.000 8.000 0.000 -33.709 8.000 4.438
3 16 -0.000 16.000 -0.000 -33.709 16.000 4.438 -34.000 16.000 0.000
4 16 -33.709 8.000 4.438 -34.000 8.000 0.000 -34.000 16.000 0.000 -33.709 16.000 4.438
3 16 -0.000 8.000 -0.000 -33.709 8.000 -4.438 -34.000 8.000 0.000
3 16 -0.000 16.000 -0.000 -34.000 16.000 0.000 -33.709 16.000 -4.438
4 16 -34.000 8.000 0.000 -33.709 8.000 -4.438 -33.709 16.000 -4.438 -34.000 16.000 0.000
3 16 -0.000 8.000 -0.000 -32.841 8.000 -8.800 -33.709 8.000 -4.438
3 16 -0.000 16.000 -0.000 -33.709 16.000 -4.438 -32.841 16.000 -8.800
4 16 -33.709 8.000 -4.438 -32.841 8.000 -8.800 -32.841 16.000 -8.800 -33.709 16.000 -4.438
3 16 -0.000 8.000 -0.000 -31.412 8.000 -13.011 -32.841 8.000 -8.800
3 16 -0.000 16.000 -0.000 -32.841 16.000 -8.800 -31.412 16.000 -13.011
4 16 -32.841 8.000 -8.800 -31.412 8.000 -13.011 -31.412 16.000 -13.011 -32.841 16.000 -8.800
3 16 -0.000 8.000 -0.000 -29.445 8.000 -17.000 -31.412 8.000 -13.011
3 16 -0.000 16.000 -0.000 -31.412 16.000 -13.011 -29.445 16.000 -17.000
4 16 -31.412 8.000 -13.011 -29.445 8.000 -17.000 -29.445 16.000 -17.000 -31.412 16.000 -13.011
3 16 -0.000 8.000 -0.000 -26.974 8.000 -20.698 -29.445 8.000 -17.000
3 16 -0.000 16.000 -0.000 -29.445 16.000 -17.000 -26.974 16.000 -20.698
4 16 -29.445 8.000 -17.000 -26.974 8.000 -20.698 -26.974 16.000 -20.698 -29.445 16.000 -17.000
3 16 -0.000 8.000 -0.000 -24.042 8.000 -24.042 -26.974 8.000 -20.698
3 16 -0.000 16.000 -0.000 -26.974 16.000 -20.698 -24.042 16.000 -24.042
4 16 -26.974 8.000 -20.698 -24.042 8.000 -24.042 -24.042 16.000 -24.042 -26.974 16.000 -20.698
3 16 -0.000 8.000 -0.000 -20.698 8.000 -26.974 -24.042 8.000 -24.042
3 16 -0.000 16.000 -0.000 -24.042 16.000 -24.042 -20.698 16.000 -26.974
4 16 -24.042 8.000 -24.042 -20.698 8.000 -26.974 -20.698 16.000 -26.974 -24.042 16.000 -24.042
3 16 -0.000 8.000 -0.000 -17.000 8.000 -29.445 -20.698 8.000 -26.974
3 16 -0.000 16.000 -0.000 -20.698 16.000 -26.974 -17.000 16.000 -29.445
4 16 -20.698 8.000 -26.974 -17.000 8.000 -29.445 -17.000 16.000 -29.445 -20.698 16.000 -26.974
3 16 -0.000 8.000 -0.000 -13.011 8.000 -31.412 -17.000 8.000 -29.445
3 16 -0.000 16.000 -0.000 -17.000 16.000 -29.445 -13.011 16.000 -31.412
4 16 -17.000 8.000 -29.445 -13.011 8.000 -31.412 -13.011 16.000 -31.412 -17.000 16.000 -29.445
3 16 -0.000 8.000 -0.000 -8.800 8.000 -32.841 -13.011 8.000 -31.412
3 16 -0.000 16.000 -0.000 -13.011 16.000 -31.412 -8.800 16.000 -32.841
4 16 -13.011 8.000 -31.412 -8.800 8.000 -32.841 -8.800 16.000 -32.841 -13.011 16.000 -31.412
3 16 -0.000 8.000 -0.000 -4.438 8.000 -33.709 -8.800 8.000 -32.841
3 16 -0.000 16.000 -0.000 -8.800 16.000 -32.841 -4.438 16.000 -33.709
4 16 -8.800 8.000 -32.841 -4.438 8.000 -33.709 -4.438 16.000 -33.709 -8.800 16.000 -32.841
3 16 -0.000 8.000 -0.000 -0.000 8.000 -34.000 -4.438 8.000 -33.709
3 16 -0.000 16.000 -0.000 -4.438 16.000 -33.709 -0.000 16.000 -34.000
4 16 -4.438 8.000 -33.709 -0.000 8.000 -34.000 -0.000 16.000 -34.000 -4.438 16.000 -33.709
3 16 -0.000 8.000 -0.000 4.438 8.000 -33.709 -0.000 8.000 -34.000
3 16 -0.000 16.000 -0.000 -0.000 16.000 -34.000 4.438 16.000 -33.709
4 16 -0.000 8.000 -34.000 4.438 8.000 -33.709 4.438 16.000 -33.709 -0.000 16.000 -34.000
3 16 -0.000 8.000 -0.000 8.800 8.000 -32.841 4.438 8.000 -33.709
3 16 -0.000 16.000 -0.000 4.438 16.000 -33.709 8.800 16.000 -32.841
4 16 4.438 8.000 -33.709 8.800 8.000 -32.841 8.800 16.000 -32.841 4.438 16.000 -33.709
3 16 -0.000 8.000 -0.000 13.011 8.000 -31.412 8.800 8.000 -32.841
3 16 -0.000 16.000 -0.000 8.800 16.000 -32.841 13.011 16.000 -31.412
4 16 8.800 8.000 -32.841 13.011 8.000 -31.412 13.011 16.000 -31.412 8.800 16.000 -32.841
3 16 -0.000 8.000 -0.000 17.000 8.000 -29.445 13.011 8.000 -31.412
3 16 -0.000 16.000 -0.000 13.011 16.000 -31.412 17.000 16.000 -29.445
4 16 13.011 8.000 -31.412 17.000 8.000 -29.445 17.000 16.000 -29.445 13.011 16.000 -31.412
3 16 -0.000 8.000 -0.000 20.698 8.000 -26.974 17.000 8.000 -29.445
3 16 -0.000 16.000 -0.000 17.000 16.000 -29.445 20.698 16.000 -26.974
4 16 17.000 8.000 -29.445 20.698 8.000 -26.974 20.698 16.000 -26.974 17.000 16.000 -29.445
3 16 -0.000 8.000 -0.000 24.042 8.000 -24.042 20.698 8.000 -26.974
3 16 -0.000 16.000 -0.000 20.698 16.000 -26.974 24.042 16.000 -24.042
4 16 20.698 8.000 -26.974 24.042 8.000 -24.042 24.042 16.000 -24.042 20.698 16.000 -26.974
3 16 -0.000 8.000 -0.000 26.974 8.000 -20.698 24.042 8.000 -24.042
3 16 -0.000 16.000 -0.000 24.042 16.000 -24.042 26.974 16.000 -20.698
4 16 24.042 8.000 -24.042 26.974 8.000 -20.698 26.974 16.000 -20.698 24.042 16.000 -24.042
3 16 -0.000 8.000 -0.000 29.445 8.000 -17.000 26.974 8.000 -20.698
3 16 -0.000 16.000 -0.000 26.974 16.000 -20.698 29.445 16.000 -17.000
4 16 26.974 8.000 -20.698 29.445 8.000 -17.000 29.445 16.000 -17.000 26.974 16.000 -20.698
3 16 -0.000 8.000 -0.000 31.412 8.000 -13.011 29.445 8.000 -17.000
3 16 -0.000 16.000 -0.000 29.445 16.000 -17.000 31.412 16.000 -13.011
4 16 29.445 8.000 -17.000 31.412 8.000 -13.011 31.412 16.000 -13.011 29.445 16.000 -17.000
3 16 -0.000 8.000 -0.000 32.841 8.000 -8.800 31.412 8.000 -13.011
3 16 -0.000 16.000 -0.000 31.412 16.000 -13.011 32.841 16.000 -8.800
4 16 31.412 8.000 -13.011 32.841 8.000 -8.800 32.841 16.000 -8.800 31.412 16.000 -13.011
3 16 -0.000 8.000 -0.000 33.709 8.000 -4.438 32.841 8.000 -8.800
3 16 -0.000 16.000 -0.000 32.841 16.000 -8.800 33.709 16.000 -4.438
4 16 32.841 8.000 -8.800 33.709 8.000 -4.438 33.709 16.000 -4.438 32.841 16.000 -8.800
3 16 -0.000 8.000 -0.000 34.000 8.000 0.000 33.709 8.000 -4.438
3 16 -0.000 16.000 -0.000 33.709 16.000 -4.438 34.000 16.000 0.000
4 16 33.709 8.000 -4.438 34.000 8.000 0.000 34.000 16.000 0.000 33.709 16.000 -4.438
3 16 -0.000 0.000 -0.000 39.658 0.000 5.221 40.000 0.000 0.000
3 16 -0.000 8.000 -0.000 40.000 8.000 0.000 39.658 8.000 5.221
4 16 40.000 0.000 0.000 39.658 0.000 5.221 39.658 8.000 5.221 40.000 8.000 0.000
3 16 -0.000 0.000 -0.000 38.637 0.000 10.353 39.658 0.000 5.221
3 16 -0.000 8.000 -0.000 39.658 8.000 5.221 38.637 8.000 10.353
4 16 39.658 0.000 5.221 38.637 0.000 10.353 38.637 8.000 10.353 39.658 8.000 5.221
3 16 -0.000 0.000 -0.000 36.955 0.000 15.307 38.637 0.000 10.353
3 16 -0.000 8.000 -0.000 38.637 8.000 10.353 36.955 8.000 15.307
4 16 38.637 0.000 10.353 36.955 0.000 15.307 36.955 8.000 15.307 38.637 8.000 10.353
3 16 -0.000 0.000 -0.000 34.641 0.000 20.000 36.955 0.000 15.307
3 16 -0.000 8.000 -0.000 36.955 8.000 15.307 34.641 8.000 20.000
4 16 36.955 0.000 15.307 34.641 0.000 20.000 34.641 8.000 20.000 36.955 8.000 15.307
3 16 -0.000 0.000 -0.000 31.734 0.000 24.350 34.641 0.000 20.000
3 16 -0.000 8.000 -0.000 34.641 8.000 20.000 31.734 8.000 24.350
4 16 34.641 0.000 20.000 31.734 0.000 24.350 31.734 8.000 24.350 34.641 8.000 20.000
3 16 -0.000 0.000 -0.000 28.284 0.000 28.284 31.734 0.000 24.350
3 16 -0.000 8.000 -0.000 31.734 8.000 24.350 28.284 8.000 28.284
4 16 31.734 0.000 24.350 28.284 0.000 28.284 28.284 8.000 28.284 31.734 8.000 24.350
3 16 -0.000 0.000 -0.000 24.350 0.000 31.734 28.284 0.000 28.284
3 16 -0.000 8.000 -0.000 28.284 8.000 28.284 24.350 8.000 31.734
4 16 28.284 0.000 28.284 24.350 0.000 31.734 24.350 8.000 31.734 28.284 8.000 28.284
3 16 -0.000 0.000 -0.000 20.000 0.000 34.641 24.350 0.000 31.734
3 16 -0.000 8.000 -0.000 24.350 8.000 31.734 20.000 8.000 34.641
4 16 24.350 0.000 31.734 20.000 0.000 34.641 20.000 8.000 34.641 24.350 8.000 31.734
3 16 -0.000 0.000 -0.000 15.307 0.000 36.955 20.000 0.000 34.641
3 16 -0.000 8.000 -0.000 20.000 8.000 34.641 15.307 8.000 36.955
4 16 20.000 0.000 34.641 15.307 0.000 36.955 15.307 8.000 36.955 20.000 8.000 34.641
3 16 -0.000 0.000 -0.000 10.353 0.000 38.637 15.307 0.000 36.955
3 16 -0.000 8.000 -0.000 15.307 8.000 36.955 10.353 8.000 38.637
4 16 15.307 0.000 36.955 10.353 0.000 38.637 10.353 8.000 38.637 15.307 8.000 36.955
3 16 -0.000 0.000 -0.000 5.221 0.000 39.658 10.353 0.000 38.637
3 16 -0.000 8.000 -0.000 10.353 8.000 38.637 5.221 8.000 39.658
4 16 10.353 0.000 38.637 5.221 0.000 39.658 5.221 8.000 39.658 10.353 8.000 38.637
3 16 -0.000 0.000 -0.000 0.000 0.000 40.000 5.221 0.000 39.658
3 16 -0.000 8.000 -0.000 5.221 8.000 39.658 0.000 8.000 40.000
4 16 5.221 0.000 39.658 0.000 0.000 40.000 0.000 8.000 40.000 5.221 8.000 39.658
3 16 -0.000 0.000 -0.000 -5.221 0.000 39.658 0.000 0.000 40.000
3 16 -0.000 8.000 -0.000 0.000 8.000 40.000 -5.221 8.000 39.658
4 16 0.000 0.000 40.000 -5.221 0.000 39.658 -5.221 8.000 39.658 0.000 8.000 40.000
3 16 -0.000 0.000 -0.000 -10.353 0.000 38.637 -5.221 0.000 39.658
3 16 -0.000 8.000 -0.000 -5.221 8.000 39.658 -10.353 8.000 38.637
4 16 -5.221 0.000 39.658 -10.353 0.000 38.637 -10.353 8.000 38.637 -5.221 8.000 39.658
3 16 -0.000 0.000 -0.000 -15.307 0.000 36.955 -10.353 0.000 38.637
3 16 -0.000 8.000 -0.000 -10.353 8.000 38.637 -15.307 8.000 36.955
4 16 -10.353 0.000 38.637 -15.307 0.000 36.955 -15.307 8.000 36.955 -10.353 8.000 38.637
3 16 -0.000 0.000 -0.000 -20.000 0.000 34.641 -15.307 0.000 36.955
3 16 -0.000 8.000 -0.000 -15.307 8.000 36.955 -20.000 8.000 34.641
4 16 -15.307 0.000 36.955 -20.000 0.000 34.641 -20.000 8.000 34.641 -15.307 8.000 36.955
3 16 -0.000 0.000 -0.000 -24.350 0.000 31.734 -20.000 0.000 34.641
3 16 -0.000 8.000 -0.000 -20.000 8.000 34.641 -24.350 8.000 31.734
4 16 -20.000 0.000 34.641 -24.350 0.000 31.734 -24.350 8.000 31.734 -20.000 8.000 34.641
3 16 -0.000 0.000 -0.000 -28.284 0.000 28.284 -24.350 0.000 31.734
3 16 -0.000 8.000 -0.000 -24.350 8.000 31.734 -28.284 8.000 28.284
4 16 -24.350 0.000 31.734 -28.284 0.000 28.284 -28.284 8.000 28.284 -24.350 8.000 31.734
3 16 -0.000 0.000 -0.000 -31.734 0.000 24.350 -28.284 0.000 28.284
3 16 -0.000 8.000 -0.000 -28.284 8.000 28.284 -31.734 8.000 24.350
4 16 -28.284 0.000 28.284 -31.734 0.000 24.350 -31.734 8.000 24.350 -28.284 8.000 28.284
3 16 -0.000 0.000 -0.000 -34.641 0.000 20.000 -31.734 0.000 24.350
3 16 -0.000 8.000 -0.000 -31.734 8.000 24.350 -34.641 8.000 20.000
4 16 -31.734 0.000 24.350 -34.641 0.000 20.000 -34.641 8.000 20.000 -31.734 8.000 24.350
3 16 -0.000 0.000 -0.000 -36.955 0.000 15.307 -34.641 0.000 20.000
3 16 -0.000 8.000 -0.000 -34.641 8.000 20.000 -36.955 8.000 15.307
4 16 -34.641 0.000 20.000 -36.955 0.000 15.307 -36.955 8.000 15.307 -34.641 8.000 20.000
3 16 -0.000 0.000 -0.000 -38.637 0.000 10.353 -36.955 0.000 15.307
3 16 -0.000 8.000 -0.000 -36.955 8.000 15.307 -38.637 8.000 10.353
4 16 -36.955 0.000 15.307 -38.637 0.000 10.353 -38.637 8.000 10.353 -36.955 8.000 15.307
3 16 -0.000 0.000 -0.000 -39.658 0.000 5.221 -38.637 0.000 10.353
3 16 -0.000 8.000 -0.000 -38.637 8.000 10.353 -39.658 8.000 5.221
4 16 -38.637 0.000 10.353 -39.658 0.000 5.221 -39.658 8.000 5.221 -38.637 8.000 10.353
3 16 -0.000 0.000 -0.000 -40.000 0.000 0.000 -39.658 0.000 5.221
3 16 -0.000 8.000 -0.000 -39.658 8.000 5.221 -40.000 8.000 0.000
4 16 -39.658 0.000 5.221 -40.000 0.000 0.000 -40.000 8.000 0.000 -39.658 8.000 5.221
3 16 -0.000 0.000 -0.000 -39.658 0.000 -5.221 -40.000 0.000 0.000
3 16 -0.000 8.000 -0.000 -40.000 8.000 0.000 -39.658 8.000 -5.221
4 16 -40.000 0.000 0.000 -39.658 0.000 -5.221 -39.658 8.000 -5.221 -40.000 8.000 0.000
3 16 -0.000 0.000 -0.000 -38.637 0.000 -10.353 -39.658 0.000 -5.221
3 16 -0.000 8.000 -0.000 -39.658 8.000 -5.221 -38.637 8.000 -10.353
4 16 -39.658 0.000 -5.221 -38.637 0.000 -10.353 -38.637 8.000 -10.353 -39.658 8.000 -5.221
3 16 -0.000 0.000 -0.000 -36.955 0.000 -15.307 -38.637 0.000 -10.353
3 16 -0.000 8.000 -0.000 -38.637 8.000 -10.353 -36.955 8.000 -15.307
4 16 -38.637 0.000 -10.353 -36.955 0.000 -15.307 -36.955 8.000 -15.307 -38.637 8.000 -10.353
3 16 -0.000 0.000 -0.000 -34.641 0.000 -20.000 -36.955 0.000 -15.307
3 16 -0.000 8.000 -0.000 -36.955 8.000 -15.307 -34.641 8.000 -20.000
4 16 -36.955 0.000 -15.307 -34.641 0.000 -20.000 -34.641 8.000 -20.000 -36.955 8.000 -15.307
3 16 -0.000 0.000 -0.000 -31.734 0.000 -24.350 -34.641 0.000 -20.000
3 16 -0.000 8.000 -0.000 -34.641 8.000 -20.000 -31.734 8.000 -24.350
4 16 -34.641 0.000 -20.000 -31.734 0.000 -24.350 -31.734 8.000 -24.350 -34.641 8.000 -20.000
3 16 -0.000 0.000 -0.000 -28.284 0.000 -28.284 -31.734 0.000 -24.350
3 16 -0.000 8.000 -0.000 -31.734 8.000 -24.350 -28.284 8.000 -28.284
4 16 -31.734 0.000 -24.350 -28.284 0.000 -28.284 -28.284 8.000 -28.284 -31.734 8.000 -24.350
3 16 -0.000 0.000 -0.000 -24.350 0.000 -31.734 -28.284 0.000 -28.284
3 16 -0.000 8.000 -0.000 -28.284 8.000 -28.284 -24.350 8.000 -31.734
4 16 -28.284 0.000 -28.284 -24.350 0.000 -31.734 -24.350 8.000 -31.734 -28.284 8.000 -28.284
3 16 -0.000 0.000 -0.000 -20.000 0.000 -34.641 -24.350 0.000 -31.734
3 16 -0.000 8.000 -0.000 -24.350 8.000 -31.734 -20.000 8.000 -34.641
4 16 -24.350 0.000 -31.734 -20.000 0.000 -34.641 -20.000 8.000 -34.641 -24.350 8.000 -31.734
3 16 -0.000 0.000 -0.000 -15.307 0.000 -36.955 -20.000 0.000 -34.641
3 16 -0.000 8.000 -0.000 -20.000 8.000 -34.641 -15.307 8.000 -36.955
4 16 -20.000 0.000 -34.641 -15.307 0.000 -36.955 -15.307 8.000 -36.955 -20.000 8.000 -34.641
3 16 -0.000 0.000 -0.000 -10.353 0.000 -38.637 -15.307 0.000 -36.955
3 16 -0.000 8.000 -0.000 -15.307 8.000 -36.955 -10.353 8.000 -38.637
4 16 -15.307 0.000 -36.955 -10.353 0.000 -38.637 -10.353 8.000 -38.637 -15.307 8.000 -36.955
3 16 -0.000 0.000 -0.000 -5.221 0.000 -39.658 -10.353 0.000 -38.637
3 16 -0.000 8.000 -0.000 -10.353 8.000 -38.637 -5.221 8.000 -39.658
4 16 -10.353 0.000 -38.637 -5.221 0.000 -39.658 -5.221 8.000 -39.658 -10.353 8.000 -38.637
3 16 -0.000 0.000 -0.000 -0.000 0.000 -40.000 -5.221 0.000 -39.658
3 16 -0.000 8.000 -0.000 -5.221 8.000 -39.658 -0.000 8.000 -40.000
4 16 -5.221 0.000 -39.658 -0.000 0.000 -40.000 -0.000 8.000 -40.000 -5.221 8.000 -39.658
3 16 -0.000 0.000 -0.000 5.221 0.000 -39.658 -0.000 0.000 -40.000
3 16 -0.000 8.000 -0.000 -0.000 8.000 -40.000 5.221 8.000 -39.658
4 16 -0.000 0.000 -40.000 5.221 0.000 -39.658 5.221 8.000 -39.658 -0.000 8.000 -40.000
3 16 -0.000 0.000 -0.000 10.353 0.000 -38.637 5.221 0.000 -39.658
3 16 -0.000 8.000 -0.000 5.221 8.000 -39.658 10.353 8.000 -38.637
4 16 5.221 0.000 -39.658 10.353 0.000 -38.637 10.353 8.000 -38.637 5.221 8.000 -39.658
3 16 -0.000 0.000 -0.000 15.307 0.000 -36.955 10.353 0.000 -38.637
3 16 -0.000 8.000 -0.000 10.353 8.000 -38.637 15.307 8.000 -36.955
4 16 10.353 0.000 -38.637 15.307 0.000 -36.955 15.307 8.000 -36.955 10.353 8.000 -38.637
3 16 -0.000 0.000 -0.000 20.000 0.000 -34.641 15.307 0.000 -36.955
3 16 -0.000 8.000 -0.000 15.307 8.000 -36.955 20.000 8.000 -34.641
4 16 15.307 0.000 -36.955 20.000 0.000 -34.641 20.000 8.000 -34.641 15.307 8.000 -36.955
3 16 -0.000 0.000 -0.000 24.350 0.000 -31.734 20.000 0.000 -34.641
3 16 -0.000 8.000 -0.000 20.000 8.000 -34.641 24.350 8.000 -31.734
4 16 20.000 0.000 -34.641 24.350 0.000 -31.734 24.350 8.000 -31.734 20.000 8.000 -34.641
3 16 -0.000 0.000 -0.000 28.284 0.000 -28.284 24.350 0.000 -31.734
3 16 -0.000 8.000 -0.000 24.350 8.000 -31.734 28.284 8.000 -28.284
4 16 24.350 0.000 -31.734 28.284 0.000 -28.284 28.284 8.000 -28.284 24.350 8.000 -31.734
3 16 -0.000 0.000 -0.000 31.734 0.000 -24.350 28.284 0.000 -28.284
3 16 -0.000 8.000 -0.000 28.284 8.000 -28.284 31.734 8.000 -24.350
4 16 28.284 0.000 -28.284 31.734 0.000 -24.350 31.734 8.000 -24.350 28.284 8.000 -28.284
3 16 -0.000 0.000 -0.000 34.641 0.000 -20.000 31.734 0.000 -24.350
3 16 -0.000 8.000 -0.000 31.734 8.000 -24.350 34.641 8.000 -20.000
4 16 31.734 0.000 -24.350 34.641 0.000 -20.000 34.641 8.000 -20.000 31.734 8.000 -24.350
3 16 -0.000 0.000 -0.000 36.955 0.000 -15.307 34.641 0.000 -20.000
3 16 -0.000 8.000 -0.000 34.641 8.000 -20.000 36.955 8.000 -15.307
4 16 34.641 0.000 -20.000 36.955 0.000 -15.307 36.955 8.000 -15.307 34.641 8.000 -20.000
3 16 -0.000 0.000 -0.000 38.637 0.000 -10.353 36.955 0.000 -15.307
3 16 -0.000 8.000 -0.000 36.955 8.000 -15.307 38.637 8.000 -10.353
4 16 36.955 0.000 -15.307 38.637 0.000 -10.353 38.637 8.000 -10.353 36.955 8.000 -15.307
3 16 -0.000 0.000 -0.000 39.658 0.000 -5.221 38.637 0.000 -10.353
3 16 -0.000 8.000 -0.000 38.637 8.000 -10.353 39.658 8.000 -5.221
4 16 38.637 0.000 -10.353 39.658 0.000 -5.221 39.658 8.000 -5.221 38.637 8.000 -10.353
3 16 -0.000 0.000 -0.000 40.000 0.000 0.000 39.658 0.000 -5.221
3 16 -0.000 8.000 -0.000 39.658 8.000 -5.221 40.000 8.000 0.000
4 16 39.658 0.000 -5.221 40.000 0.000 0.000 40.000 8.000 0.000 39.658 8.000 -5.221
1 16 -30 0 -10 1 0 0 0 1 0 0 0 1 p/stud.dat
1 16 -30 0 10 1 0 0 0 1 0 0 0 1 p/stud.dat
1 16 -10 0 -30 1 0 0 0 1 0 0 0 1 p/stud.dat
1 16 -10 0 -10 1 0 0 0 1 0 0 0 1 p/stud.dat
1 16 -10 0 10 1 0 0 0 1 0 0 0 1 p/stud.dat
1 16 -10 0 30 1 0 0 0 1 0 0 0 1 p/stud.dat
1 16 10 0 -30 1 0 0 0 1 0 0 0 1 p/stud.dat
1 16 10 0 -10 1 0 0 0 1 0 0 0 1 p/stud.dat
1 16 10 0 10 1 0 0 0 1 0 0 0 1 p/stud.dat
1 16 10 0 30 1 0 0 0 1 0 0 0 1 p/stud.dat
1 16 30 0 -10 1 0 0 0 1 0 0 0 1 p/stud.dat
1 16 30 0 10 1 0 0 0 1 0 0 0 1 p/stud.dat
