0 Brick  1 x  1 with Stud on 1 Side
0 Name: 87087.dat
0 Author: heddy-lego project (simplified geometry, real element dimensions)
0 !LICENSE Licensed under CC BY 4.0 : see CAreadme.txt
0 BFC CERTIFY CCW

4 16 -10.000 0.000 -10.000 10.000 0.000 -10.000 10.000 0.000 10.000 -10.000 0.000 10.000
4 16 -10.000 24.000 10.000 10.000 24.000 10.000 10.000 24.000 -10.000 -10.000 24.000 -10.000
4 16 -10.000 0.000 -10.000 -10.000 24.000 -10.000 10.000 24.000 -10.000 10.000 0.000 -10.000
4 16 10.000 0.000 10.000 10.000 24.000 10.000 -10.000 24.000 10.000 -10.000 0.000 10.000
4 16 -10.000 0.000 10.000 -10.000 24.000 10.000 -10.000 24.000 -10.000 -10.000 0.000 -10.000
4 16 10.000 0.000 -10.000 10.000 24.000 -10.000 10.000 24.000 10.000 10.000 0.000 10.000
1 16 0 0 0 1 0 0 0 1 0 0 0 1 p/stud.dat
1 16 0 10 -10 1 0 0 0 0 1 0 -1 0 p/stud.dat
