0 Plate  2 x  2 with Groove and 1 Center Stud
0 Name: 87580.dat
0 Author: heddy-lego project (simplified geometry, real element dimensions)
0 !LICENSE Licensed under CC BY 4.0 : see CAreadme.txt
0 BFC CERTIFY CCW

4 16 -20.000 0.000 -20.000 20.000 0.000 -20.000 20.000 0.000 20.000 -20.000 0.000 20.000
4 16 -20.000 8.000 20.000 20.000 8.000 20.000 20.000 8.000 -20.000 -20.000 8.000 -20.000
4 16 -20.000 0.000 -20.000 -20.000 8.000 -20.000 20.000 8.000 -20.000 20.000 0.000 -20.000
4 16 20.000 0.000 20.000 20.000 8.000 20.000 -20.000 8.000 20.000 -20.000 0.000 20.000
4 16 -20.000 0.000 20.000 -20.000 8.000 20.000 -20.000 8.000 -20.000 -20.000 0.000 -20.000
4 16 20.000 0.000 -20.000 20.000 8.000 -20.000 20.000 8.000 20.000 20.000 0.000 20.000
1 16 0 0 0 1 0 0 0 1 0 0 0 1 p/stud.dat
