0 Tile  1 x  1 Round
0 Name: 98138.dat
0 Author: heddy-lego project (simplified geometry, real element dimensions)
0 !LICENSE Licensed under CC BY 4.0 : see CAreadme.txt
0 BFC CERTIFY CCW

3 16 -0.000 0.000 0.000 9.808 0.000 1.951 10.000 0.000 0.000
3 16 -0.000 8.000 0.000 10.000 8.000 0.000 9.808 8.000 1.951
4 16 10.000 0.000 0.000 9.808 0.000 1.951 9.808 8.000 1.951 10.000 8.000 0.000
3 16 -0.000 0.000 0.000 9.239 0.000 3.827 9.808 0.000 1.951
3 16 -0.000 8.000 0.000 9.808 8.000 1.951 9.239 8.000 3.827
4 16 9.808 0.000 1.951 9.239 0.000 3.827 9.239 8.000 3.827 9.808 8.000 1.951
3 16 -0.000 0.000 0.000 8.315 0.000 5.556 9.239 0.000 3.827
3 16 -0.000 8.000 0.000 9.239 8.000 3.827 8.315 8.000 5.556
4 16 9.239 0.000 3.827 8.315 0.000 5.556 8.315 8.000 5.556 9.239 8.000 3.827
3 16 -0.000 0.000 0.000 7.071 0.000 7.071 8.315 0.000 5.556
3 16 -0.000 8.000 0.000 8.315 8.000 5.556 7.071 8.000 7.071
4 16 8.315 0.000 5.556 7.071 0.000 7.071 7.071 8.000 7.071 8.315 8.000 5.556
3 16 -0.000 0.000 0.000 5.556 0.000 8.315 7.071 0.000 7.071
3 16 -0.000 8.000 0.000 7.071 8.000 7.071 5.556 8.000 8.315
4 16 7.071 0.000 7.071 5.556 0.000 8.315 5.556 8.000 8.315 7.071 8.000 7.071
3 16 -0.000 0.000 0.000 3.827 0.000 9.239 5.556 0.000 8.315
3 16 -0.000 8.000 0.000 5.556 8.000 8.315 3.827 8.000 9.239
4 16 5.556 0.000 8.315 3.827 0.000 9.239 3.827 8.000 9.239 5.556 8.000 8.315
3 16 -0.000 0.000 0.000 1.951 0.000 9.808 3.827 0.000 9.239
3 16 -0.000 8.000 0.000 3.827 8.000 9.239 1.951 8.000 9.808
4 16 3.827 0.000 9.239 1.951 0.000 9.808 1.951 8.000 9.808 3.827 8.000 9.239
3 16 -0.000 0.000 0.000 0.000 0.000 10.000 1.951 0.000 9.808
3 16 -0.000 8.000 0.000 1.951 8.000 9.808 0.000 8.000 10.000
4 16 1.951 0.000 9.808 0.000 0.000 10.000 0.000 8.000 10.000 1.951 8.000 9.808
3 16 -0.000 0.000 0.000 -1.951 0.000 9.808 0.000 0.000 10.000
3 16 -0.000 8.000 0.000 0.000 8.000 10.000 -1.951 8.000 9.808
4 16 0.000 0.000 10.000 -1.951 0.000 9.808 -1.951 8.000 9.808 0.000 8.000 10.000
3 16 -0.000 0.000 0.000 -3.827 0.000 9.239 -1.951 0.000 9.808
3 16 -0.000 8.000 0.000 -1.951 8.000 9.808 -3.827 8.000 9.239
4 16 -1.951 0.000 9.808 -3.827 0.000 9.239 -3.827 8.000 9.239 -1.951 8.000 9.808
3 16 -0.000 0.000 0.000 -5.556 0.000 8.315 -3.827 0.000 9.239
3 16 -0.000 8.000 0.000 -3.827 8.000 9.239 -5.556 8.000 8.315
4 16 -3.827 0.000 9.239 -5.556 0.000 8.315 -5.556 8.000 8.315 -3.827 8.000 9.239
3 16 -0.000 0.000 0.000 -7.071 0.000 7.071 -5.556 0.000 8.315
3 16 -0.000 8.000 0.000 -5.556 8.000 8.315 -7.071 8.000 7.071
4 16 -5.556 0.000 8.315 -7.071 0.000 7.071 -7.071 8.000 7.071 -5.556 8.000 8.315
3 16 -0.000 0.000 0.000 -8.315 0.000 5.556 -7.071 0.000 7.071
3 16 -0.000 8.000 0.000 -7.071 8.000 7.071 -8.315 8.000 5.556
4 16 -7.071 0.000 7.071 -8.315 0.000 5.556 -8.315 8.000 5.556 -7.071 8.000 7.071
3 16 -0.000 0.000 0.000 -9.239 0.000 3.827 -8.315 0.000 5.556
3 16 -0.000 8.000 0.000 -8.315 8.000 5.556 -9.239 8.000 3.827
4 16 -8.315 0.000 5.556 -9.239 0.000 3.827 -9.239 8.000 3.827 -8.315 8.000 5.556
3 16 -0.000 0.000 0.000 -9.808 0.000 1.951 -9.239 0.000 3.827
3 16 -0.000 8.000 0.000 -9.239 8.000 3.827 -9.808 8.000 1.951
4 16 -9.239 0.000 3.827 -9.808 0.000 1.951 -9.808 8.000 1.951 -9.239 8.000 3.827
3 16 -0.000 0.000 0.000 -10.000 0.000 0.000 -9.808 0.000 1.951
3 16 -0.000 8.000 0.000 -9.808 8.000 1.951 -10.000 8.000 0.000
4 16 -9.808 0.000 1.951 -10.000 0.000 0.000 -10.000 8.000 0.000 -9.808 8.000 1.951
3 16 -0.000 0.000 0.000 -9.808 0.000 -1.951 -10.000 0.000 0.000
3 16 -0.000 8.000 0.000 -10.000 8.000 0.000 -9.808 8.000 -1.951
4 16 -10.000 0.000 0.000 -9.808 0.000 -1.951 -9.808 8.000 -1.951 -10.000 8.000 0.000
3 16 -0.000 0.000 0.000 -9.239 0.000 -3.827 -9.808 0.000 -1.951
3 16 -0.000 8.000 0.000 -9.808 8.000 -1.951 -9.239 8.000 -3.827
4 16 -9.808 0.000 -1.951 -9.239 0.000 -3.827 -9.239 8.000 -3.827 -9.808 8.000 -1.951
3 16 -0.000 0.000 0.000 -8.315 0.000 -5.556 -9.239 0.000 -3.827
3 16 -0.000 8.000 0.000 -9.239 8.000 -3.827 -8.315 8.000 -5.556
4 16 -9.239 0.000 -3.827 -8.315 0.000 -5.556 -8.315 8.000 -5.556 -9.239 8.000 -3.827
3 16 -0.000 0.000 0.000 -7.071 0.000 -7.071 -8.315 0.000 -5.556
3 16 -0.000 8.000 0.000 -8.315 8.000 -5.556 -7.071 8.000 -7.071
4 16 -8.315 0.000 -5.556 -7.071 0.000 -7.071 -7.071 8.000 -7.071 -8.315 8.000 -5.556
3 16 -0.000 0.000 0.000 -5.556 0.000 -8.315 -7.071 0.000 -7.071
3 16 -0.000 8.000 0.000 -7.071 8.000 -7.071 -5.556 8.000 -8.315
4 16 -7.071 0.000 -7.071 -5.556 0.000 -8.315 -5.556 8.000 -8.315 -7.071 8.000 -7.071
3 16 -0.000 0.000 0.000 -3.827 0.000 -9.239 -5.556 0.000 -8.315
3 16 -0.000 8.000 0.000 -5.556 8.000 -8.315 -3.827 8.000 -9.239
4 16 -5.556 0.000 -8.315 -3.827 0.000 -9.239 -3.827 8.000 -9.239 -5.556 8.000 -8.315
3 16 -0.000 0.000 0.000 -1.951 0.000 -9.808 -3.827 0.000 -9.239
3 16 -0.000 8.000 0.000 -3.827 8.000 -9.239 -1.951 8.000 -9.808
4 16 -3.827 0.000 -9.239 -1.951 0.000 -9.808 -1.951 8.000 -9.808 -3.827 8.000 -9.239
3 16 -0.000 0.000 0.000 -0.000 0.000 -10.000 -1.951 0.000 -9.808
3 16 -0.000 8.000 0.000 -1.951 8.000 -9.808 -0.000 8.000 -10.000
4 16 -1.951 0.000 -9.808 -0.000 0.000 -10.000 -0.000 8.000 -10.000 -1.951 8.000 -9.808
3 16 -0.000 0.000 0.000 1.951 0.000 -9.808 -0.000 0.000 -10.000
3 16 -0.000 8.000 0.000 -0.000 8.000 -10.000 1.951 8.000 -9.808
4 16 -0.000 0.000 -10.000 1.951 0.000 -9.808 1.951 8.000 -9.808 -0.000 8.000 -10.000
3 16 -0.000 0.000 0.000 3.827 0.000 -9.239 1.951 0.000 -9.808
3 16 -0.000 8.000 0.000 1.951 8.000 -9.808 3.827 8.000 -9.239
4 16 1.951 0.000 -9.808 3.827 0.000 -9.239 3.827 8.000 -9.239 1.951 8.000 -9.808
3 16 -0.000 0.000 0.000 5.556 0.000 -8.315 3.827 0.000 -9.239
3 16 -0.000 8.000 0.000 3.827 8.000 -9.239 5.556 8.000 -8.315
4 16 3.827 0.000 -9.239 5.556 0.000 -8.315 5.556 8.000 -8.315 3.827 8.000 -9.239
3 16 -0.000 0.000 0.000 7.071 0.000 -7.071 5.556 0.000 -8.315
3 16 -0.000 8.000 0.000 5.556 8.000 -8.315 7.071 8.000 -7.071
4 16 5.556 0.000 -8.315 7.071 0.000 -7.071 7.071 8.000 -7.071 5.556 8.000 -8.315
3 16 -0.000 0.000 0.000 8.315 0.000 -5.556 7.071 0.000 -7.071
3 16 -0.000 8.000 0.000 7.071 8.000 -7.071 8.315 8.000 -5.556
4 16 7.071 0.000 -7.071 8.315 0.000 -5.556 8.315 8.000 -5.556 7.071 8.000 -7.071
3 16 -0.000 0.000 0.000 9.239 0.000 -3.827 8.315 0.000 -5.556
3 16 -0.000 8.000 0.000 8.315 8.000 -5.556 9.239 8.000 -3.827
4 16 8.315 0.000 -5.556 9.239 0.000 -3.827 9.239 8.000 -3.827 8.315 8.000 -5.556
3 16 -0.000 0.000 0.000 9.808 0.000 -1.951 9.239 0.000 -3.827
3 16 -0.000 8.000 0.000 9.239 8.000 -3.827 9.808 8.000 -1.951
4 16 9.239 0.000 -3.827 9.808 0.000 -1.951 9.808 8.000 -1.951 9.239 8.000 -3.827
3 16 -0.000 0.000 0.000 10.000 0.000 0.000 9.808 0.000 -1.951
3 16 -0.000 8.000 0.000 9.808 8.000 -1.951 10.000 8.000 0.000
4 16 9.808 0.000 -1.951 10.000 0.000 0.000 10.000 8.000 0.000 9.808 8.000 -1.951
